Matmul 1 1048576 9 64
Matmul 1 1048576 576 64
Matmul 1 262144 576 128
Matmul 1 262144 1152 128
Matmul 1 65536 1152 256
Matmul 1 65536 2304 256
Matmul 1 16384 2304 512
Matmul 1 16384 4608 512
Matmul 1 4096 4608 1024
Matmul 1 4096 9216 1024
Matmul 1 16384 4096 512
Matmul 1 16384 9216 512
Matmul 1 16384 4608 512
Matmul 1 65536 2048 256
Matmul 1 65536 4608 256
Matmul 1 65536 2304 256
Matmul 1 262144 1024 128
Matmul 1 262144 2304 128
Matmul 1 262144 1152 128
Matmul 1 1048576 512 64
Matmul 1 1048576 1152 64
Matmul 1 1048576 576 64
Matmul 1 1048576 64 1