Matmul 1 1048576 9 2
Matmul 1 1048576 2 16
Matmul 1 1048576 9 16
Matmul 1 1048576 16 16
Matmul 1 262144 16 16
Matmul 1 262144 16 32
Matmul 1 262144 9 32
Matmul 1 262144 32 32
Matmul 1 65536 16 32
Matmul 1 65536 32 64
Matmul 1 65536 9 64
Matmul 1 65536 64 64
Matmul 1 16384 16 64
Matmul 1 16384 64 128
Matmul 1 16384 9 128
Matmul 1 16384 128 128
Matmul 1 4096 16 128
Matmul 1 4096 128 128
Matmul 1 16384 16 128
Matmul 1 16384 128 128
Matmul 1 16384 9 256
Matmul 1 16384 256 128
Matmul 1 65536 16 128
Matmul 1 65536 128 64
Matmul 1 65536 9 128
Matmul 1 65536 128 64
Matmul 1 262144 16 64
Matmul 1 262144 64 32
Matmul 1 262144 9 64
Matmul 1 262144 64 32
Matmul 1 1048576 16 32
Matmul 1 1048576 32 16
Matmul 1 1048576 9 32
Matmul 1 1048576 32 16
Matmul 1 1048576 9 32
Matmul 1 1048576 32 1