Matmul 1 522240 9 16
Matmul 1 130560 144 32
Matmul 1 32640 288 64
Matmul 1 32640 576 4
Matmul 1 32640 36 16  
Matmul 1 32640 144 16
Matmul 1 8160 144 32  
Matmul 1 8160 288 32
Matmul 1 2040 288 64
Matmul 1 2040 576 64
Matmul 1 510 576 128 
Matmul 1 510 1152 128
Matmul 1 2040 1152 64  
Matmul 1 2040 1152 64
Matmul 1 8160 576 32 
Matmul 1 8160 576 32
Matmul 1 32640 288 16 
Matmul 1 32640 288 16
Matmul 1 32640 144 4  
Matmul 1 32640 36 64
Matmul 1 130560 1024 32
Matmul 1 522240 512 16
Matmul 1 2088960 256 1