Matmul 1 1048576 9 32
Matmul 1 262144 512 64
Matmul 1 65536 1024 128
Matmul 1 16384 2048 256
Matmul 1 4096 4096 512
Matmul 1 1024 8192 1024
Matmul 1 256 16384 1024
Matmul 1 64 16384 1024
Matmul 1 16 16384 1024
Matmul 1 4 16384 1024
Matmul 1 1 16384 1024
Matmul 1 4 16384 1024
Matmul 1 4 18432 1024
Matmul 1 16 16384 1024
Matmul 1 16 18432 1024
Matmul 1 64 16384 1024
Matmul 1 64 18432 1024
Matmul 1 256 16384 1024
Matmul 1 256 18432 1024
Matmul 1 1024 16384 1024
Matmul 1 1024 18432 1024
Matmul 1 4096 16384 512
Matmul 1 4096 9216 512
Matmul 1 16384 8192 256
Matmul 1 16384 4608 256
Matmul 1 65536 4096 128
Matmul 1 65536 2304 128
Matmul 1 262144 2048 64
Matmul 1 262144 1152 64
Matmul 1 1048576 1024 32
Matmul 1 1048576 576 32
Matmul 1 1048576 576 1
